15 255
     0     0     1     1     2     3     3     4     4     5     6     6     7     7     8
     0     1     1     2     2     3     4     4     5     5     6     7     7     8     8
     0     1     2     2     3     3     4     5     5     6     6     7     8     8     9
     1     1     2     3     3     4     4     5     6     6     7     7     8     9     9
     1     2     2     3     4     4     5     5     6     7     7     8     8     9    10
     2     2     3     3     4     5     5     6     6     7     8     8     9     9    10
     2     3     3     4     4     5     6     6     7     7     8     9     9    10    10
     2     3     4     4     5     5     6     7     7     8     8     9    10    10    11
     3     3     4     5     5     6     6     7     8     8     9     9    10    11    11
     3     4     4     5     6     6     7     7     8     9     9    10    10    11    12
     4     4     5     5     6     7     7     8     8     9    10    10    11    11    12
     4     5     5     6     6     7     8     8     9     9    10    11    11    12    12
     4     5     6     6     7     7     8     9     9    10    10    11    12    12    13
     5     5     6     7     7     8     8     9    10    10    11    11    12    13    13
     5     6     6     7     8     8     9     9    10    11    11    12    12    13    14
     6     6     7     7     8     9     9    10    10    11    12    12    13    13    14
     6     7     7     8     8     9    10    10    11    11    12    13    13    14    14
     6     7     8     8     9     9    10    11    11    12    12    13    14    14    15
     7     7     8     9     9    10    10    11    12    12    13    13    14    15    15
     7     8     8     9    10    10    11    11    12    13    13    14    14    15    16
     8     8     9     9    10    11    11    12    12    13    14    14    15    15    16
     8     9     9    10    10    11    12    12    13    13    14    15    15    16    16
     8     9    10    10    11    11    12    13    13    14    14    15    16    16    17
     9     9    10    11    11    12    12    13    14    14    15    15    16    17    17
     9    10    10    11    12    12    13    13    14    15    15    16    16    17    18
    10    10    11    11    12    13    13    14    14    15    16    16    17    17    18
    10    11    11    12    12    13    14    14    15    15    16    17    17    18    18
    10    11    12    12    13    13    14    15    15    16    16    17    18    18    19
    11    11    12    13    13    14    14    15    16    16    17    17    18    19    19
    11    12    12    13    14    14    15    15    16    17    17    18    18    19    20
    12    12    13    13    14    15    15    16    16    17    18    18    19    19    20
    12    13    13    14    14    15    16    16    17    17    18    19    19    20    20
    12    13    14    14    15    15    16    17    17    18    18    19    20    20    21
    13    13    14    15    15    16    16    17    18    18    19    19    20    21    21
    13    14    14    15    16    16    17    17    18    19    19    20    20    21    22
    14    14    15    15    16    17    17    18    18    19    20    20    21    21    22
    14    15    15    16    16    17    18    18    19    19    20    21    21    22    22
    14    15    16    16    17    17    18    19    19    20    20    21    22    22    23
    15    15    16    17    17    18    18    19    20    20    21    21    22    23    23
    15    16    16    17    18    18    19    19    20    21    21    22    22    23    24
    16    16    17    17    18    19    19    20    20    21    22    22    23    23    24
    16    17    17    18    18    19    20    20    21    21    22    23    23    24    24
    16    17    18    18    19    19    20    21    21    22    22    23    24    24    25
    17    17    18    19    19    20    20    21    22    22    23    23    24    25    25
    17    18    18    19    20    20    21    21    22    23    23    24    24    25    26
    18    18    19    19    20    21    21    22    22    23    24    24    25    25    26
    18    19    19    20    20    21    22    22    23    23    24    25    25    26    26
    18    19    20    20    21    21    22    23    23    24    24    25    26    26    27
    19    19    20    21    21    22    22    23    24    24    25    25    26    27    27
    19    20    20    21    22    22    23    23    24    25    25    26    26    27    28
    20    20    21    21    22    23    23    24    24    25    26    26    27    27    28
    20    21    21    22    22    23    24    24    25    25    26    27    27    28    28
    20    21    22    22    23    23    24    25    25    26    26    27    28    28    29
    21    21    22    23    23    24    24    25    26    26    27    27    28    29    29
    21    22    22    23    24    24    25    25    26    27    27    28    28    29    30
    22    22    23    23    24    25    25    26    26    27    28    28    29    29    30
    22    23    23    24    24    25    26    26    27    27    28    29    29    30    30
    22    23    24    24    25    25    26    27    27    28    28    29    30    30    31
    23    23    24    25    25    26    26    27    28    28    29    29    30    31    31
    23    24    24    25    26    26    27    27    28    29    29    30    30    31    32
    24    24    25    25    26    27    27    28    28    29    30    30    31    31    32
    24    25    25    26    26    27    28    28    29    29    30    31    31    32    32
    24    25    26    26    27    27    28    29    29    30    30    31    32    32    33
    25    25    26    27    27    28    28    29    30    30    31    31    32    33    33
    25    26    26    27    28    28    29    29    30    31    31    32    32    33    34
    26    26    27    27    28    29    29    30    30    31    32    32    33    33    34
    26    27    27    28    28    29    30    30    31    31    32    33    33    34    34
    26    27    28    28    29    29    30    31    31    32    32    33    34    34    35
    27    27    28    29    29    30    30    31    32    32    33    33    34    35    35
    27    28    28    29    30    30    31    31    32    33    33    34    34    35    36
    28    28    29    29    30    31    31    32    32    33    34    34    35    35    36
    28    29    29    30    30    31    32    32    33    33    34    35    35    36    36
    28    29    30    30    31    31    32    33    33    34    34    35    36    36    37
    29    29    30    31    31    32    32    33    34    34    35    35    36    37    37
    29    30    30    31    32    32    33    33    34    35    35    36    36    37    38
    30    30    31    31    32    33    33    34    34    35    36    36    37    37    38
    30    31    31    32    32    33    34    34    35    35    36    37    37    38    38
    30    31    32    32    33    33    34    35    35    36    36    37    38    38    39
    31    31    32    33    33    34    34    35    36    36    37    37    38    39    39
    31    32    32    33    34    34    35    35    36    37    37    38    38    39    40
    32    32    33    33    34    35    35    36    36    37    38    38    39    39    40
    32    33    33    34    34    35    36    36    37    37    38    39    39    40    40
    32    33    34    34    35    35    36    37    37    38    38    39    40    40    41
    33    33    34    35    35    36    36    37    38    38    39    39    40    41    41
    33    34    34    35    36    36    37    37    38    39    39    40    40    41    42
    34    34    35    35    36    37    37    38    38    39    40    40    41    41    42
    34    35    35    36    36    37    38    38    39    39    40    41    41    42    42
    34    35    36    36    37    37    38    39    39    40    40    41    42    42    43
    35    35    36    37    37    38    38    39    40    40    41    41    42    43    43
    35    36    36    37    38    38    39    39    40    41    41    42    42    43    44
    36    36    37    37    38    39    39    40    40    41    42    42    43    43    44
    36    37    37    38    38    39    40    40    41    41    42    43    43    44    44
    36    37    38    38    39    39    40    41    41    42    42    43    44    44    45
    37    37    38    39    39    40    40    41    42    42    43    43    44    45    45
    37    38    38    39    40    40    41    41    42    43    43    44    44    45    46
    38    38    39    39    40    41    41    42    42    43    44    44    45    45    46
    38    39    39    40    40    41    42    42    43    43    44    45    45    46    46
    38    39    40    40    41    41    42    43    43    44    44    45    46    46    47
    39    39    40    41    41    42    42    43    44    44    45    45    46    47    47
    39    40    40    41    42    42    43    43    44    45    45    46    46    47    48
    40    40    41    41    42    43    43    44    44    45    46    46    47    47    48
    40    41    41    42    42    43    44    44    45    45    46    47    47    48    48
    40    41    42    42    43    43    44    45    45    46    46    47    48    48    49
    41    41    42    43    43    44    44    45    46    46    47    47    48    49    49
    41    42    42    43    44    44    45    45    46    47    47    48    48    49    50
    42    42    43    43    44    45    45    46    46    47    48    48    49    49    50
    42    43    43    44    44    45    46    46    47    47    48    49    49    50    50
    42    43    44    44    45    45    46    47    47    48    48    49    50    50    51
    43    43    44    45    45    46    46    47    48    48    49    49    50    51    51
    43    44    44    45    46    46    47    47    48    49    49    50    50    51    52
    44    44    45    45    46    47    47    48    48    49    50    50    51    51    52
    44    45    45    46    46    47    48    48    49    49    50    51    51    52    52
    44    45    46    46    47    47    48    49    49    50    50    51    52    52    53
    45    45    46    47    47    48    48    49    50    50    51    51    52    53    53
    45    46    46    47    48    48    49    49    50    51    51    52    52    53    54
    46    46    47    47    48    49    49    50    50    51    52    52    53    53    54
    46    47    47    48    48    49    50    50    51    51    52    53    53    54    54
    46    47    48    48    49    49    50    51    51    52    52    53    54    54    55
    47    47    48    49    49    50    50    51    52    52    53    53    54    55    55
    47    48    48    49    50    50    51    51    52    53    53    54    54    55    56
    48    48    49    49    50    51    51    52    52    53    54    54    55    55    56
    48    49    49    50    50    51    52    52    53    53    54    55    55    56    56
    48    49    50    50    51    51    52    53    53    54    54    55    56    56    57
    49    49    50    51    51    52    52    53    54    54    55    55    56    57    57
    49    50    50    51    52    52    53    53    54    55    55    56    56    57    58
    50    50    51    51    52    53    53    54    54    55    56    56    57    57    58
    50    51    51    52    52    53    54    54    55    55    56    57    57    58    58
    50    51    52    52    53    53    54    55    55    56    56    57    58    58    59
    51    51    52    53    53    54    54    55    56    56    57    57    58    59    59
    51    52    52    53    54    54    55    55    56    57    57    58    58    59    60
    52    52    53    53    54    55    55    56    56    57    58    58    59    59    60
    52    53    53    54    54    55    56    56    57    57    58    59    59    60    60
    52    53    54    54    55    55    56    57    57    58    58    59    60    60    61
    53    53    54    55    55    56    56    57    58    58    59    59    60    61    61
    53    54    54    55    56    56    57    57    58    59    59    60    60    61    62
    54    54    55    55    56    57    57    58    58    59    60    60    61    61    62
    54    55    55    56    56    57    58    58    59    59    60    61    61    62    62
    54    55    56    56    57    57    58    59    59    60    60    61    62    62    63
    55    55    56    57    57    58    58    59    60    60    61    61    62    63    63
    55    56    56    57    58    58    59    59    60    61    61    62    62    63    64
    56    56    57    57    58    59    59    60    60    61    62    62    63    63    64
    56    57    57    58    58    59    60    60    61    61    62    63    63    64    64
    56    57    58    58    59    59    60    61    61    62    62    63    64    64    65
    57    57    58    59    59    60    60    61    62    62    63    63    64    65    65
    57    58    58    59    60    60    61    61    62    63    63    64    64    65    66
    58    58    59    59    60    61    61    62    62    63    64    64    65    65    66
    58    59    59    60    60    61    62    62    63    63    64    65    65    66    66
    58    59    60    60    61    61    62    63    63    64    64    65    66    66    67
    59    59    60    61    61    62    62    63    64    64    65    65    66    67    67
    59    60    60    61    62    62    63    63    64    65    65    66    66    67    68
    60    60    61    61    62    63    63    64    64    65    66    66    67    67    68
    60    61    61    62    62    63    64    64    65    65    66    67    67    68    68
    60    61    62    62    63    63    64    65    65    66    66    67    68    68    69
    61    61    62    63    63    64    64    65    66    66    67    67    68    69    69
    61    62    62    63    64    64    65    65    66    67    67    68    68    69    70
    62    62    63    63    64    65    65    66    66    67    68    68    69    69    70
    62    63    63    64    64    65    66    66    67    67    68    69    69    70    70
    62    63    64    64    65    65    66    67    67    68    68    69    70    70    71
    63    63    64    65    65    66    66    67    68    68    69    69    70    71    71
    63    64    64    65    66    66    67    67    68    69    69    70    70    71    72
    64    64    65    65    66    67    67    68    68    69    70    70    71    71    72
    64    65    65    66    66    67    68    68    69    69    70    71    71    72    72
    64    65    66    66    67    67    68    69    69    70    70    71    72    72    73
    65    65    66    67    67    68    68    69    70    70    71    71    72    73    73
    65    66    66    67    68    68    69    69    70    71    71    72    72    73    74
    66    66    67    67    68    69    69    70    70    71    72    72    73    73    74
    66    67    67    68    68    69    70    70    71    71    72    73    73    74    74
    66    67    68    68    69    69    70    71    71    72    72    73    74    74    75
    67    67    68    69    69    70    70    71    72    72    73    73    74    75    75
    67    68    68    69    70    70    71    71    72    73    73    74    74    75    76
    68    68    69    69    70    71    71    72    72    73    74    74    75    75    76
    68    69    69    70    70    71    72    72    73    73    74    75    75    76    76
    68    69    70    70    71    71    72    73    73    74    74    75    76    76    77
    69    69    70    71    71    72    72    73    74    74    75    75    76    77    77
    69    70    70    71    72    72    73    73    74    75    75    76    76    77    78
    70    70    71    71    72    73    73    74    74    75    76    76    77    77    78
    70    71    71    72    72    73    74    74    75    75    76    77    77    78    78
    70    71    72    72    73    73    74    75    75    76    76    77    78    78    79
    71    71    72    73    73    74    74    75    76    76    77    77    78    79    79
    71    72    72    73    74    74    75    75    76    77    77    78    78    79    80
    72    72    73    73    74    75    75    76    76    77    78    78    79    79    80
    72    73    73    74    74    75    76    76    77    77    78    79    79    80    80
    72    73    74    74    75    75    76    77    77    78    78    79    80    80    81
    73    73    74    75    75    76    76    77    78    78    79    79    80    81    81
    73    74    74    75    76    76    77    77    78    79    79    80    80    81    82
    74    74    75    75    76    77    77    78    78    79    80    80    81    81    82
    74    75    75    76    76    77    78    78    79    79    80    81    81    82    82
    74    75    76    76    77    77    78    79    79    80    80    81    82    82    83
    75    75    76    77    77    78    78    79    80    80    81    81    82    83    83
    75    76    76    77    78    78    79    79    80    81    81    82    82    83    84
    76    76    77    77    78    79    79    80    80    81    82    82    83    83    84
    76    77    77    78    78    79    80    80    81    81    82    83    83    84    84
    76    77    78    78    79    79    80    81    81    82    82    83    84    84    85
    77    77    78    79    79    80    80    81    82    82    83    83    84    85    85
    77    78    78    79    80    80    81    81    82    83    83    84    84    85    86
    78    78    79    79    80    81    81    82    82    83    84    84    85    85    86
    78    79    79    80    80    81    82    82    83    83    84    85    85    86    86
    78    79    80    80    81    81    82    83    83    84    84    85    86    86    87
    79    79    80    81    81    82    82    83    84    84    85    85    86    87    87
    79    80    80    81    82    82    83    83    84    85    85    86    86    87    88
    80    80    81    81    82    83    83    84    84    85    86    86    87    87    88
    80    81    81    82    82    83    84    84    85    85    86    87    87    88    88
    80    81    82    82    83    83    84    85    85    86    86    87    88    88    89
    81    81    82    83    83    84    84    85    86    86    87    87    88    89    89
    81    82    82    83    84    84    85    85    86    87    87    88    88    89    90
    82    82    83    83    84    85    85    86    86    87    88    88    89    89    90
    82    83    83    84    84    85    86    86    87    87    88    89    89    90    90
    82    83    84    84    85    85    86    87    87    88    88    89    90    90    91
    83    83    84    85    85    86    86    87    88    88    89    89    90    91    91
    83    84    84    85    86    86    87    87    88    89    89    90    90    91    92
    84    84    85    85    86    87    87    88    88    89    90    90    91    91    92
    84    85    85    86    86    87    88    88    89    89    90    91    91    92    92
    84    85    86    86    87    87    88    89    89    90    90    91    92    92    93
    85    85    86    87    87    88    88    89    90    90    91    91    92    93    93
    85    86    86    87    88    88    89    89    90    91    91    92    92    93    94
    86    86    87    87    88    89    89    90    90    91    92    92    93    93    94
    86    87    87    88    88    89    90    90    91    91    92    93    93    94    94
    86    87    88    88    89    89    90    91    91    92    92    93    94    94    95
    87    87    88    89    89    90    90    91    92    92    93    93    94    95    95
    87    88    88    89    90    90    91    91    92    93    93    94    94    95    96
    88    88    89    89    90    91    91    92    92    93    94    94    95    95    96
    88    89    89    90    90    91    92    92    93    93    94    95    95    96    96
    88    89    90    90    91    91    92    93    93    94    94    95    96    96    97
    89    89    90    91    91    92    92    93    94    94    95    95    96    97    97
    89    90    90    91    92    92    93    93    94    95    95    96    96    97    98
    90    90    91    91    92    93    93    94    94    95    96    96    97    97    98
    90    91    91    92    92    93    94    94    95    95    96    97    97    98    98
    90    91    92    92    93    93    94    95    95    96    96    97    98    98    99
    91    91    92    93    93    94    94    95    96    96    97    97    98    99    99
    91    92    92    93    94    94    95    95    96    97    97    98    98    99   100
    92    92    93    93    94    95    95    96    96    97    98    98    99    99   100
    92    93    93    94    94    95    96    96    97    97    98    99    99   100   100
    92    93    94    94    95    95    96    97    97    98    98    99   100   100   101
    93    93    94    95    95    96    96    97    98    98    99    99   100   101   101
    93    94    94    95    96    96    97    97    98    99    99   100   100   101   102
    94    94    95    95    96    97    97    98    98    99   100   100   101   101   102
    94    95    95    96    96    97    98    98    99    99   100   101   101   102   102
    94    95    96    96    97    97    98    99    99   100   100   101   102   102   103
    95    95    96    97    97    98    98    99   100   100   101   101   102   103   103
    95    96    96    97    98    98    99    99   100   101   101   102   102   103   104
    96    96    97    97    98    99    99   100   100   101   102   102   103   103   104
    96    97    97    98    98    99   100   100   101   101   102   103   103   104   104
    96    97    98    98    99    99   100   101   101   102   102   103   104   104   105
    97    97    98    99    99   100   100   101   102   102   103   103   104   105   105
    97    98    98    99   100   100   101   101   102   103   103   104   104   105   106
    98    98    99    99   100   101   101   102   102   103   104   104   105   105   106
    98    99    99   100   100   101   102   102   103   103   104   105   105   106   106
    98    99   100   100   101   101   102   103   103   104   104   105   106   106   107
    99    99   100   101   101   102   102   103   104   104   105   105   106   107   107
    99   100   100   101   102   102   103   103   104   105   105   106   106   107   108
   100   100   101   101   102   103   103   104   104   105   106   106   107   107   108
   100   101   101   102   102   103   104   104   105   105   106   107   107   108   108
   100   101   102   102   103   103   104   105   105   106   106   107   108   108   109
   101   101   102   103   103   104   104   105   106   106   107   107   108   109   109
   101   102   102   103   104   104   105   105   106   107   107   108   108   109   110
